0.9 -0.7
0.85 -0.7
0.85 -0.8	
0.9 -0.9
0.85 -0.9
0.85 -0.8	
0.9 -0.9
0.85 -0.8
0.9 -0.7

0.825 -0.7
0.775 -0.7
0.775 -0.8	
0.825 -0.9
0.775 -0.9
0.775 -0.8	
0.825 -0.9
0.775 -0.8
0.825 -0.7

0.775 -0.5
0.775 -0.25
0.9 -0.25	
0.775 -0.5
0.9 -0.25
0.9 -0.5

0.795 -0.25
0.775 -0.25
0.795 -0.222
0.88 -0.25
0.9 -0.25
0.88 -0.222

0.795 -0.15
0.88 -0.15
0.795 -0.25
0.88 -0.15
0.795 -0.25
0.88 -0.25

0.775 -0.25
0.735 -0.25
0.775 -0.33
0.765 -0.33
0.735 -0.25
0.775 -0.33
0.765 -0.33
0.735 -0.25
0.735 -0.566
0.735 -0.566
0.765 -0.33
0.765 -0.566

0.9 -0.25
0.9 -0.33
0.94 -0.25
0.9 -0.33
0.91 -0.33
0.94 -0.25
0.94 -0.25
0.91 -0.33
0.94 -0.566
0.94 -0.566
0.91 -0.33
0.91 -0.566	