-0.06 0.51
0.06 0.51
-0.06 0.70
0.06 0.70
0.06 0.51
-0.06 0.70

-0.03 0.47 
0.03 0.47 
-0.03 0.51 
0.03 0.47 
-0.03 0.51 
0.03 0.51 

0.145 0.47
0.145 0.38
-0.145 0.38
-0.145 0.38
0.145 0.47
-0.145 0.47

0.145 0.38
0.145 0.15
0.110 0.38
0.145 0.15
0.110 0.38
0.110 0.15

0.145 -0.01 
0.110 0.01 
0.145 -0.12
0.110 0.01 
0.145 -0.12
0.110 -0.12

-0.145 0.38
-0.145 0.15
-0.110 0.38 
-0.145 0.15  
-0.110 0.38
-0.110 0.15  

-0.145 -0.01 
-0.110 0.01  
-0.145 -0.12
-0.110 0.01  
-0.145 -0.12
-0.110-0.12 

-0.1 -0.12
-0.03 -0.12
-0.1 -0.42
-0.03 -0.12
-0.1 -0.42
-0.03 -0.42

0.1 -0.12
0.03 -0.12
0.1 -0.42
0.03 -0.12
0.1 -0.42
0.03 -0.42