-0.06 0.70  
-0.02 0.70 
-0.06 0.73  
-0.02 0.73  
-0.02 0.70 
-0.06 0.73  

0.06 0.70  
0.02 0.70 
0.06 0.73  
0.02 0.73  
0.02 0.70 
0.06 0.73  

-0.1 0.36 
-0.01 0.36 
-0.1 0.38 
-0.01 0.38 
-0.01 0.36 
-0.1 0.38 

0.1 0.36 
0.01 0.36 
0.1 0.38 
0.01 0.38 
0.01 0.36 
0.1 0.38 

-0.1 0.25   
-0.1 0.36   
0.1 0.25   
0.1 0.25   
-0.1 0.36   
0.1 0.36  

-0.03 0.22 
0.03 0.22 
-0.03 0.25 
0.03 0.25 
0.03 0.22 
-0.03 0.25 

-0.01 0.16 
0.01 0.16 
-0.01 0.22 
0.01 0.22 
0.01 0.16 
-0.01 0.22 

-0.1 -0.03 
-0.1 0.00 
 0.1 0.00 
 0.1 0.00 	
-0.1 -0.03 
 0.1 -0.03 

-0.145 -0.06 
-0.175 -0.09 
-0.175 -0.06
-0.145-0.06 
-0.175 -0.09 
-0.145 -0.09 

-0.08 -0.06 
-0.110 -0.09 
-0.110 -0.06
-0.08 -0.06 
-0.110 -0.09 
-0.08 -0.09 